t = -2: 0.002: 2;


